0.00383594640049909
0.00489440956324018
0.00612650521726286
0.00745861686453067
0.00877510299159869
0.0100199925196565
0.0111998150870419
0.0123011226094496
0.0132669174780079
0.0140327731231462
0.0146437548502091
0.0152006574687558
0.0157331897207053
0.0162410013031666
0.0167315614914548
0.0171717729018644
0.0175266349610066
0.0177710487184101
0.0178770922266100
0.0178757667015264
0.0177739069780757
0.0175648826385139
0.0172971938896448
0.0170113699689260
0.0166958069768679
0.0163307557909387
0.0159622595219587
0.0155960679065060
0.0152034519389386
0.0147618762105543
0.0142472649355342
0.0136629936315960
0.0130688641073427
0.0124406917698554
0.0117394878163115
0.0109341878182315
0.0100635873327668
0.00920064490598766
0.00838375414771361
0.00758119755471676
0.00679122142976961
0.00602504345013839
0.00527489580008026
0.00454374318073459
0.00383239319741454
0.00314032731401578
0.00239574719708755
0.00159207471975149
0.000776256875744327
3.86895303496780e-05
-0.000593161769994977
-0.00117508146164482
-0.00180759922858164
-0.00248898335470441
-0.00313469768334570
-0.00361031468264386
-0.00388615784982323
-0.00398223308288031
-0.00394429026034379
-0.00377848656670644
-0.00348087671943798
-0.00301484527427057
-0.00241862328316055
-0.00169550487374121
-0.000791342374897655
0.000306395044383427
0.00156244509721602
0.00293641536887634
0.00444145897404816
0.00615164050633054
0.00811859357405023
0.0103320355921806
0.0127767432842436
0.0154425261546282
0.0182708294188201
0.0211335039979038
0.0238694866702286
0.0263606079596328
0.0285314700681157
0.0303679529229486
0.0319051582129996
0.0331911063849891
0.0342482333118276
0.0350455871495454
0.0355113150487508
0.0356155926415749
0.0354856653904426
0.0352155982924160
0.0347557555362387
0.0340806703245256
0.0332415828901779
0.0322815716934603
0.0312390244372427
0.0300805183744811
0.0287696737504069
0.0272962131433567
0.0256847734655662
0.0239698573127028
0.0222529609956482
0.0205533407374474
0.0187948351579850
0.0168864243927715
0.0149918541076888
0.0132155432345843
0.0115520836759619
0.00998128613042018
0.00849047747381702
0.00706995410778921
0.00575399143664387
0.00454583789907695
0.00342560277622683
0.00238882482083125
0.00136511128203257
0.000303108997594610
-0.000709361752225392
-0.00153794394137924
-0.00219156876348413
-0.00271959235003233
-0.00311456932644567
-0.00337331517675578
-0.00356422674861767
-0.00370488412928866
-0.00370696288064715
-0.00348688986091415
-0.00306912184741379
-0.00249185062268136
-0.00174189845151256
-0.000866145892415918
-2.39175450111885e-05
0.000602987162788106
0.00104185513537735
0.00138852303931961
0.00170578080637301
0.00204044278379768
0.00240595056020646
0.00278083024030985
0.00321712043147751
0.00375568121687221
0.00435258319282495
0.00493380225441380
0.00548309966972112
0.00600932925669279
0.00652925669138001
0.00708905176454953
0.00771404842873580
0.00842590630782125
0.00923635120238786
0.0101406944577672
0.0111258160901611
0.0121709193700138
0.0132755591409502
0.0144113316169669
0.0154819592422794
0.0164835212316681
0.0174414951234403
0.0183710952526009
0.0192604197031282
0.0201124311919649
0.0208773686140146
0.0215229978687914
0.0220438722549335
0.0223801071893092
0.0225073226807295
0.0223921773063062
0.0219972591396101
0.0212995509021253
0.0203155693005920
0.0190472229322856
0.0175078426348097
0.0156842088107120
0.0136225421134040
0.0113319757808402
0.00882366770560510
0.00612054040526294
0.00322992340046185
0.000188649960357154
-0.00298475674439900
-0.00630282476815552
-0.00968887666330552
-0.0130673002758422
-0.0164240757025057
-0.0197340935279922
-0.0230057205401788
-0.0262926668959970
-0.0296543726581775
-0.0331282945669373
-0.0366727237698863
-0.0401754456851629
-0.0435378605713726
-0.0466898528088206
-0.0496332734902509
-0.0523465689895287
-0.0547087462426932
-0.0566494079713549
-0.0581998971969411
-0.0593791494652561
-0.0602072772751452
-0.0606550134028768
-0.0607009096711072
-0.0603760406106203
-0.0597084810872521
-0.0586864946480341
-0.0573387028676806
-0.0556134134815590
-0.0533816728225169
-0.0506072131734176
-0.0473715275052458
-0.0437517033790720
-0.0397797936356293
-0.0354471772950152
-0.0308278497549917
-0.0260615317301783
-0.0212311213106757
-0.0163672615445135
-0.0115386134508812
-0.00683485604346091
-0.00232410905710201
0.00189300556054842
0.00572783217757217
0.00918943432247884
0.0122755310530537
0.0149357755088045
0.0171006021646878
0.0187091775758157
0.0197283026856117
0.0202339362907505
0.0203212744923654
0.0200155344530597
0.0193545793914355
0.0183653048317044
0.0170313825527944
0.0153553704144588
0.0133259647069495
0.0108546951071425
0.00795014929067631
0.00470988131104538
0.00118876347614093
-0.00255702683047507
-0.00642469716651291
-0.0103625149349453
-0.0142579147413107
-0.0179527103089433
-0.0213340677964848
-0.0243252638837541
-0.0268428698493949
-0.0288522929771887
-0.0303480575105878
-0.0313260496295627
-0.0318244935816316
-0.0319185743470619
-0.0316049401471678
-0.0308568234699635
-0.0296852020508188
-0.0281162235113041
-0.0261736517632880
-0.0239542341017525
-0.0215756915539970
-0.0191178756658370
-0.0166763976312519
-0.0143051766506854
-0.0120339296018660
-0.00992221635612138
-0.00799500322675856
-0.00618636442520667
-0.00443093907328702
-0.00266835727058861
-0.000868661141112151
0.000916032411914239
0.00262938690599165
0.00426969229150004
0.00581066111838047
0.00720740378987410
0.00840895141354400
0.00937090135773484
0.0101410675476850
0.0107859136101435
0.0113335390508929
0.0117978421613210
0.0120861712283216
0.0121386532998217
0.0119696263475579
0.0115488954687778
0.0107930705414752
0.00965730994870627
0.00814334852409274
0.00631503613297141
0.00421198818577042
0.00183416918922174
-0.000867439667629418
-0.00390557653561520
-0.00725386609440099
-0.0108693709552584
-0.0147697124777012
-0.0190060993843149
-0.0237203696078816
-0.0289804986579953
-0.0347292586649190
-0.0408793947703497
-0.0473719030334186
-0.0541352928116874
-0.0610931492245333
-0.0680858628362725
-0.0749091488699022
-0.0814551982157457
-0.0877210101177946
-0.0937454910855320
-0.0995023908529682
-0.104877106429354
-0.109725287495710
-0.113985581997050
-0.117697726036308
-0.120903203602288
-0.123559728325698
-0.125599160753859
-0.126899959720949
-0.127411319969896
-0.127207734271088
-0.126360347101920
-0.124797890050704
-0.122505906242391
-0.119577415025977
-0.116094419368232
-0.112039963462440
-0.107336598204541
-0.101978120258655
-0.0960442726605711
-0.0895748538758949
-0.0825773592907080
-0.0750804508573603
-0.0671000693437577
-0.0586029158940365
-0.0495893410369858
-0.0400976394191555
-0.0302234865363694
-0.0200377949623256
-0.00966511847471947
0.000727211886639618
0.0109505134569880
0.0208703522578315
0.0304501308784227
0.0396991645416228
0.0485585186924971
0.0569353930316028
0.0647109224688153
0.0718213291418389
0.0782497240627578
0.0839325026197024
0.0888209217503763
0.0929491944268431
0.0963915646385430
0.0992922779768295
0.101764717483542
0.103878661605826
0.105694004807455
0.107170664941010
0.108258202403205
0.108940757839906
0.109109447224447
0.108561892128830
0.107133294269658
0.104698293384081
0.101257972259355
0.0968337943457683
0.0914556638349885
0.0851708323286525
0.0780154521785855
0.0700551900316831
0.0613675722460382
0.0520110257704334
0.0420932454734463
0.0317484819896652
0.0211798147950281
0.0107067933253276
0.000677422392910009
-0.00857426281180608
-0.0167603473547950
-0.0236558169192687
-0.0291022126811933
-0.0330682064337125
-0.0356004563541932
-0.0367286155088474
-0.0365401368620317
-0.0351287223106409
-0.0325321438454432
-0.0287648506368737
-0.0237814708748773
-0.0175275631787059
-0.0100306259828876
-0.00140507725128878
0.00815148510638814
0.0184293552475772
0.0292211656561938
0.0403004442683371
0.0514616307883429
0.0626013434178156
0.0736601211845620
0.0845087940667941
0.0950363813514172
0.105157349113758
0.114744279405679
0.123609276104476
0.131586688768556
0.138615258445639
0.144744479642844
0.150029481555811
0.154491812904388
0.158104998245786
0.160874912517998
0.162871860072547
0.164164454452932
0.164809824153812
0.164854561308393
0.164372678060538
0.163461962419171
0.162193233438010
0.160601280589523
0.158693077014883
0.156462835714027
0.153920741294026
0.151123735867433
0.148122047197539
0.144940473902544
0.141575219260713
0.138015163120331
0.134236974582628
0.130176151105146
0.125683312422104
0.120553756126335
0.114567609691787
0.107587400346648
0.0995347393612348
0.0903580377157894
0.0799899000884831
0.0684196018887380
0.0557322075030561
0.0421116337971341
0.0277637442166084
0.0129008567489938
-0.00223423195570733
-0.0173811375348051
-0.0322820701908455
-0.0466964930204946
-0.0604651469358981
-0.0735651041248492
-0.0860599495616943
-0.0979836423093025
-0.109275393150558
-0.119855197113255
-0.129724207425824
-0.138907158918315
-0.147280884930961
-0.154696153787969
-0.161050622534403
-0.166295646783621
-0.170391186649168
-0.173308861229109
-0.175019745499039
-0.175492547803085
-0.174642173848899
-0.172438125372837
-0.168964106444402
-0.164296086699800
-0.158502500941684
-0.151760282093040
-0.144389239102446
-0.136692874722427
-0.128807547564189
-0.120720981400408
-0.112452823328168
-0.104070557122180
-0.0956177722819491
-0.0871323420527401
-0.0786717769022311
-0.0702453794784087
-0.0618659617985030
-0.0535898908040971
-0.0454802094544135
-0.0375421477395705
-0.0297091886870701
-0.0219485832006123
-0.0143107534264805
-0.00684645390190143
0.000493386998846145
0.00785942751812384
0.0153376492766674
0.0228602682021152
0.0303347239944803
0.0376158705724405
0.0445548013267712
0.0511131168686668
0.0572469264916326
0.0628505522522575
0.0678550478846549
0.0722392242164137
0.0760704216121858
0.0794516523493608
0.0823661312862007
0.0847429251386347
0.0866114293801342
0.0880877030429267
0.0892400446562801
0.0900689904847969
0.0905497824716402
0.0905885244613783
0.0900995262397446
0.0891442462816185
0.0879107232216328
0.0866232834525970
0.0854246820776662
0.0843058385851792
0.0832054233757998
0.0820129376509696
0.0805619753651770
0.0787276716661429
0.0765430356676876
0.0741254832306400
0.0716283216537896
0.0691884670937744
0.0669389202972515
0.0649682008239834
0.0633896704797348
0.0623299126181046
0.0618774485511345
0.0620873290140755
0.0630119419222247
0.0646320390438432
0.0669297560363031
0.0698697266259627
0.0733528833229142
0.0772515832343920
0.0814356488180060
0.0857749934249984
0.0901700523685109
0.0944855229167135
0.0985366303332241
0.102044875084439
0.104701885852689
0.106272659903462
0.106618060088513
0.105655439498992
0.103284435711196
0.0993601432010860
0.0938176652667708
0.0866683332258074
0.0779958873183897
0.0679711210756764
0.0567802460203275
0.0445543572654680
0.0313929756186013
0.0173935318487661
0.00275175296110370
-0.0123229434369768
-0.0277441930593742
-0.0435010676887501
-0.0595216306824121
-0.0756898732631372
-0.0918314074049898
-0.107743497761795
-0.123249597891873
-0.138218506784931
-0.152548426760698
-0.166126514731524
-0.178772464761974
-0.190260358407581
-0.200425612297442
-0.209193502510298
-0.216578077801077
-0.222635327472325
-0.227376272860212
-0.230783797283618
-0.232930763092606
-0.233949061976920
-0.233972911190799
-0.233182974946378
-0.231835106177663
-0.230154506882055
-0.228301405108798
-0.226417262918700
-0.224626956908423
-0.222961483458321
-0.221283891484980
-0.219362300234480
-0.217000680566948
-0.214034737635006
-0.210298097033969
-0.205691228973936
-0.200206440212518
-0.193851987960715
-0.186627007243398
-0.178550325718337
-0.169695414658526
-0.160103527611803
-0.149725406580830
-0.138446575129299
-0.126155835076363
-0.112787362833209
-0.0983149574297726
-0.0827784630074256
-0.0663394139316117
-0.0491895907510133
-0.0315058308143671
-0.0135162699479972
0.00453887723097725
0.0224735015042589
0.0401812467417160
0.0576283588642461
0.0747315357025823
0.0913295046288186
0.107209363956776
0.122122585020738
0.135851697360783
0.148254122529937
0.159232225497833
0.168669039390300
0.176387476198982
0.182260629385932
0.186310098647076
0.188584187844226
0.189069154000693
0.187671941796875
0.184236721411260
0.178574802205050
0.170486588191077
0.159809711270052
0.146507095209388
0.130625881502752
0.112297909666339
0.0918409608417594
0.0698059628056774
0.0468429217198587
0.0235703332464330
0.000501279011390767
-0.0219650264645692
-0.0435809639740312
-0.0642923171986131
-0.0841775237216980
-0.103368844954989
-0.122025455454547
-0.140269513240204
-0.158094010435383
-0.175310952002338
-0.191651136514146
-0.206895338599074
-0.220843523074831
-0.233262735528890
-0.243924105531429
-0.252633795356462
-0.259201966894083
-0.263430533432955
-0.265153722642433
-0.264317053151850
-0.260895178506376
-0.254870725821139
-0.246315361142835
-0.235433481024208
-0.222535433445488
-0.207982767256473
-0.192071511463012
-0.175079107583130
-0.157203112029307
-0.138541787613518
-0.119174935042712
-0.0992052479899210
-0.0787519116006005
-0.0579546369144141
-0.0369922949178777
-0.0161382141180152
0.00426705200754099
0.0238526119935570
0.0422021401661164
0.0589475544497747
0.0738154835831292
0.0866266504980316
0.0973519497706146
0.106077019910580
0.112958971300749
0.118226193650287
0.122119811869025
0.124794551243045
0.126332837926201
0.126779596889347
0.126157835311166
0.124488906917989
0.121891215382472
0.118532600345521
0.114544809349994
0.110041287556432
0.105128923607671
0.100006098865571
0.0949693780638389
0.0902799223987183
0.0862158511924471
0.0831398452864594
0.0813142390070301
0.0808268318651369
0.0817201816822805
0.0841020694505805
0.0880679725762476
0.0935638319938997
0.100477919347357
0.108715888104959
0.118097679603592
0.128333688943822
0.139085156266134
0.150079006959505
0.161153208113938
0.172153594986778
0.182997365083581
0.193786476946927
0.204635053277812
0.215522494550928
0.226333857269322
0.236916026219763
0.247048530387498
0.256451347341997
0.264850004454889
0.271935191539524
0.277359771594292
0.280815440262781
0.282010825804733
0.280767207324062
0.277101390207264
0.271118824716541
0.262983686093624
0.252925337412601
0.241150213836852
0.227924965920860
0.213571596323914
0.198309447985302
0.182359816886937
0.166014001547359
0.149543683656633
0.133192997703525
0.117215621521989
0.101822050930372
0.0871993782114808
0.0734915203821446
0.0608111565426724
0.0493461323572379
0.0394020377267897
0.0313175668113904
0.0253962585181193
0.0217797823830843
0.0204192070438641
0.0211681154734756
0.0238526885896930
0.0282456421572538
0.0340544055664534
0.0409279692233937
0.0484292722269002
0.0560859369384562
0.0635771279255868
0.0707983836125476
0.0777250836197035
0.0842630283811671
0.0903351888213175
0.0960224596565512
0.101528857722502
0.106996224795446
0.112505250014846
0.118123376462530
0.123842837043909
0.129531353727387
0.135093724674356
0.140583467209261
0.146023793482664
0.151187078088520
0.155861281162504
0.160011484903449
0.163629889737924
0.166570932741156
0.168610929764428
0.169611622498641
0.169559581590411
0.168376490448338
0.166009360814849
0.162460962886591
0.157693069872372
0.151684071803709
0.144463196089408
0.136010066546659
0.126208491496962
0.114797801917018
0.101482280623788
0.0861691946736202
0.0689438145033347
0.0500397630987197
0.0298608349089637
0.00902434240129505
-0.0116932563422131
-0.0314600619560565
-0.0495946863392771
-0.0656930307607560
-0.0796221695963004
-0.0913924376925027
-0.101198875876064
-0.109421799847838
-0.116590935866888
-0.123282963055637
-0.129933308445322
-0.136657214742744
-0.143349154796084
-0.149746946053755
-0.155532959686016
-0.160440586173257
-0.164274842776400
-0.166925906995264
-0.168478805481577
-0.169164262706879
-0.169267411895434
-0.169072872214597
-0.168757656103195
-0.168344949708653
-0.167884801890132
-0.167451723958512
-0.167124558332974
-0.166956700591118
-0.167038678409378
-0.167526459237059
-0.168591704218633
-0.170360224323982
-0.172942122007645
-0.176380541026923
-0.180639129289895
-0.185563599621743
-0.190872980169487
-0.196363013654749
-0.201852356114459
-0.207160288667697
-0.212277461521481
-0.217399386188384
-0.222674191548767
-0.228067721645530
-0.233394192790585
-0.238546109847431
-0.243310472193797
-0.247158350962657
-0.249378091702466
-0.249385731853248
-0.246808198084956
-0.241524920217616
-0.233750101891258
-0.224033909269474
-0.213017151052337
-0.201243127847893
-0.189210851049788
-0.177357207827470
-0.165912776193486
-0.154845133416162
-0.143935662989356
-0.132943499354174
-0.121849097377198
-0.110791487547654
-0.0999928589878413
-0.0897488808945768
-0.0802641801205473
-0.0716736442743695
-0.0641158437618021
-0.0574984097696273
-0.0516506414159226
-0.0464064687731285
-0.0413849982182905
-0.0361609506931461
-0.0303892271582933
-0.0239642777416369
-0.0172011527580567
-0.0105656163233604
-0.00456391382948889
0.000307361554037252
0.00377686503030392
0.00572807893836599
0.00616857750111209
0.00527863558357766
0.00327461859439789
0.000485831438513656
-0.00283384575603275
-0.00655323620370397
-0.0106406463646687
-0.0152497196119295
-0.0203844031995052
-0.0256831054607077
-0.0307807466390329
-0.0353559635877951
-0.0392216787629400
-0.0422175382019853
-0.0440333971641286
-0.0445000142688456
-0.0434958312409034
-0.0408711724739312
-0.0367971880254971
-0.0317160892859660
-0.0260594836966220
-0.0201615195832278
-0.0141983165050219
-0.00860887789751185
-0.00389865066429945
-0.000283056583223102
0.00218469278913145
0.00340969801510632
0.00348570563293234
0.00265178796458991
0.00115874674735045
-0.000974984821821580
-0.00369658225145599
-0.00681441890051731
-0.0100687746566104
-0.0132260217721397
-0.0160734480790898
-0.0182473218260394
-0.0192728838546858
-0.0188940819879542
-0.0169884973238630
-0.0134812525994545
-0.00856915152823920
-0.00254867611240392
0.00424712471225062
0.0114656036505619
0.0188804828284002
0.0264337889680257
0.0341701433059584
0.0423028932842839
0.0509924509956602
0.0601805430868949
0.0696348624433288
0.0790423942213124
0.0880213621823842
0.0960890212046701
0.102776334717101
0.107769657093701
0.110954389541107
0.112533929023509
0.112995942501586
0.112977703836857
0.113135648127221
0.113866947677021
0.115377544027011
0.117814666294917
0.121103820581895
0.124812832383338
0.128346556449141
0.131137113767391
0.132713304133636
0.132763120937247
0.131105526824119
0.127702880770319
0.122690678116971
0.116391801767954
0.109280689378196
0.101935433116343
0.0948258176087371
0.0882012786298985
0.0822557722050207
0.0772866831213725
0.0735465355380570
0.0710123585516125
0.0695572502527585
0.0690403281460753
0.0692538178481183
0.0699375656712627
0.0708418175798552
0.0717459417950611
0.0724371758285026
0.0724710846860284
0.0715899704264510
0.0700789445626272
0.0685102337084003
0.0673520050430752
0.0670247446432714
0.0678907131340898
0.0700505567679316
0.0730889838406543
0.0763013111021703
0.0789337994700671
0.0803243252178284
0.0800437948038395
0.0779864287385022
0.0744390238014681
0.0699529159314351
0.0649389827897378
0.0596500979729164
0.0543564585088143
0.0492396182192379
0.0444964479394915
0.0404616803088186
0.0374388671895837
0.0356519319265156
0.0351973053784663
0.0360104511627785
0.0380152403825242
0.0410053152125324
0.0444782902617821
0.0479476858485258
0.0510967635651210
0.0535570362085678
0.0549390062140352
0.0549971191474679
0.0538764973378461
0.0520035023965090
0.0496011103315103
0.0467412163880754
0.0435085634915349
0.0398955193998710
0.0358542005450112
0.0313729424452708
0.0265422245847525
0.0214360910119843
0.0158600585346299
0.00974244697895611
0.00338375520098509
-0.00292090977418000
-0.00907737315137201
-0.0152044975919383
-0.0214738813423057
-0.0278310391724812
-0.0342153266573588
-0.0404223518807631
-0.0460495880611522
-0.0509877935783088
-0.0555018314710480
-0.0598518907284110
-0.0639540949417750
-0.0674659633449531
-0.0702799131258049
-0.0723120921144418
-0.0733341009329160
-0.0731930641366906
-0.0720286285973858
-0.0700729537179102
-0.0675150665557822
-0.0643999725622658
-0.0609362178327354
-0.0572172627144252
-0.0530984477486211
-0.0483460381822458
-0.0426406949455623
-0.0356723237310341
-0.0272682547977588
-0.0173635445595540
-0.00617649685755249
0.00589560874477154
0.0186079636964994
0.0316522918605902
0.0446267601231060
0.0572566878367459
0.0694750343192874
0.0813410854793869
0.0929550922958927
0.104315793004626
0.115325268799524
0.125775752011570
0.135325483215095
0.143602665824243
0.150412478961293
0.155604304689286
0.158894957974735
0.160108752730502
0.159370026002493
0.156918527729404
0.153074421578686
0.148242028396917
0.142842694834133
0.137179920906336
0.131233424095668
0.124813915667571
0.117892238747369
0.110549496712407
0.102683830316937
0.0943497419780121
0.0858789966202363
0.0776363607604492
0.0698697365247020
0.0627124841691139
0.0562012387918044
0.0503218006208845
0.0448961622840091
0.0396772111264697
0.0345141057374204
0.0292361602139421
0.0236919041877725
0.0179572957712572
0.0123134001020800
0.00707014064413856
0.00225375274656990
-0.00219305795094051
-0.00624314547995069
-0.00986688356833827
-0.0130777111538509
-0.0159062763939598
-0.0184072760442781
-0.0205561253691548
-0.0224150789983360
-0.0239345050007227
-0.0247227119476137
-0.0243122949693642
-0.0225239554325644
-0.0193384476359137
-0.0147715365107838
-0.00896769304624583
-0.00239487687772885
0.00422624352675831
0.0100147338345828
0.0142260367673886
0.0164366729508270
0.0166517598091339
0.0151367395770977
0.0122359599966193
0.00815971458915117
0.00287818365623570
-0.00365749599474524
-0.0113156958287243
-0.0198826832132098
-0.0291079958321546
-0.0388033968251710
-0.0488399834865781
-0.0588453818504491
-0.0682852258599181
-0.0767728578450365
-0.0839749763174871
-0.0895716034911728
-0.0933258634140259
-0.0951470595022348
-0.0951651123662798
-0.0937721740001710
-0.0916029799285637
-0.0893315615823653
-0.0873388246273892
-0.0856836628482490
-0.0841254392086346
-0.0823688888751840
-0.0803662076129271
-0.0781929837800711
-0.0760389541307081
-0.0740502545740170
-0.0722754565559255
-0.0709359725163181
-0.0701294880428134
-0.0696170540528750
-0.0691277913211574
-0.0684751628719461
-0.0674765418114123
-0.0659278781803904
-0.0635133494353146
-0.0600702953893294
-0.0555463422648138
-0.0499040599721866
-0.0432881311790633
-0.0359988202243791
-0.0283654830050490
-0.0207310906402074
-0.0133662233223937
-0.00669218212970612
-0.00110338173852356
0.00330900483279038
0.00650386400290832
0.00838292781754463
0.00890453212787924
0.00812100359440082
0.00615774201437011
0.00316377780925974
-0.000697738414661913
-0.00523203114298595
-0.0101976733356411
-0.0152874153945116
-0.0201543041340301
-0.0243360104606958
-0.0274478280292343
-0.0293761551313503
-0.0301881925048550
-0.0299131762162362
-0.0287699042305825
-0.0269778774397136
-0.0247054374839156
-0.0220882435775007
-0.0192527236666555
-0.0161597677417876
-0.0129525234235219
-0.00992161569085056
-0.00716295754973710
-0.00447444337774524
-0.00159167940107132
0.00161411743956603
0.00497125189078854
0.00813322395833717
0.0108764401813469
0.0130730419344818
0.0146881262725466
0.0160487892906193
0.0175131673943726
0.0193465643345210
0.0218495705454884
0.0250999808308099
0.0288262270705331
0.0326578047151877
0.0360900205356948
0.0387961051386658
0.0407136150700672
0.0418526789847484
0.0420140460342479
0.0408187331476614
0.0378880919932878
0.0331579510250153
0.0267806514860768
0.0190869124892790
0.0105293610906052
0.00180496301762047
-0.00650363542567793
-0.0143009766091428
-0.0218644898940011
-0.0294387937655787
-0.0371466916619195
-0.0448425595007988
-0.0520091184292822
-0.0580534701481857
-0.0627582982045638
-0.0665465429873026
-0.0699896653182329
-0.0732540340863460
-0.0763565057865139
-0.0796144856556627
-0.0832349540301787
-0.0869609809992733
-0.0903690754757428
-0.0932938635511399
-0.0958316944757459
-0.0981421369479973
-0.100404360219667
-0.102840671751973
-0.105369014719869
-0.107700803422650
-0.109851337185022
-0.112161988994567
-0.114913317418660
-0.118035218216406
-0.121104664691928
-0.123855507957793
-0.126292299135818
-0.128367938560016
-0.129780562540826
-0.130032500752517
-0.128751075745279
-0.125996864176734
-0.122052639231067
-0.117003549470702
-0.110803520347681
-0.103607610171547
-0.0958380513081539
-0.0879276631242644
-0.0802137818842919
-0.0729190045125296
-0.0660269939912671
-0.0592801927580227
-0.0525507945551756
-0.0458152989243441
-0.0389369837329771
-0.0315649142534620
-0.0234272454471157
-0.0145532079534764
-0.00520362317985995
0.00459393731376414
0.0150195133193167
0.0260770911080231
0.0375513903861528
0.0492731140842047
0.0610849028105396
0.0730034359990221
0.0851229865791267
0.0973645509243675
0.109483384538852
0.121303607706409
0.132717106703029
0.143790398576211
0.154629864552390
0.165140134484898
0.175105402704716
0.184260745985659
0.192352094685911
0.199262706585305
0.204908359092330
0.209183540294043
0.212014415997480
0.213498228904148
0.213903322318095
0.213509879130010
0.212473132838203
0.210790102275800
0.208400773659665
0.205343081033188
0.201840431064502
0.198057557844170
0.193950599269484
0.189330910143968
0.183993891547950
0.177777163213148
0.170708250510466
0.162842962453694
0.154220688854931
0.144805797109701
0.134613739077858
0.123698655263205
0.112400770873871
0.101208924646421
0.0906142517593273
0.0808428355555274
0.0719130469981295
0.0638762127851114
0.0569350695444376
0.0512727042548347
0.0471477128726453
0.0447474188295124
0.0438950086343975
0.0440512722965391
0.0446033804197904
0.0450579135359697
0.0452543794718445
0.0452760719813521
0.0453365797036017
0.0457546715777437
0.0467135929511367
0.0480150434564038
0.0493703242813172
0.0506418773041454
0.0517584653321323
0.0526161158409717
0.0532477969090752
0.0538465742180329
0.0546609231396916
0.0557626710185453
0.0569484463482994
0.0578847991300283
0.0583376017540798
0.0583179168915403
0.0580239368682460
0.0577206338230338
0.0574479582716792
0.0567828763114200
0.0552154264775785
0.0524307621040722
0.0484521946745747
0.0436773547059416
0.0386968133124148
0.0339499722132308
0.0296327953892443
0.0257194012738054
0.0221616694851464
0.0191160923684363
0.0167279877148678
0.0149182158526071
0.0135594892240087
0.0127929626748689
0.0129331016448075
0.0140548308583525
0.0160910881256400
0.0190072334608274
0.0225699065819101
0.0263525251383260
0.0301454143312936
0.0339046416087090
0.0375365830496976
0.0406997295686583
0.0430315325626338
0.0444488562866957
0.0451228632904383
0.0450118096756013
0.0440324970555061
0.0422475082090264
0.0396135138926595
0.0359614198400398
0.0311592958103946
0.0252909666845833
0.0186103827945872
0.0112753416268844
0.00356375697096804
-0.00404953848063563
-0.0111588484067026
-0.0174213217261062
-0.0226359915911472
-0.0267559024305842
-0.0297505502892930
-0.0317579532812491
-0.0330284105628232
-0.0336562263956513
-0.0337906228099639
-0.0336625172380428
-0.0335356821653798
-0.0336898020699390
-0.0344069925525219
-0.0358186679133230
-0.0378594489613148
-0.0404051908819524
-0.0434136959158423
-0.0470289998148349
-0.0514293911545706
-0.0565476191007526
-0.0620686238806614
-0.0678842961082192
-0.0738462153647423
-0.0797329981243767
-0.0854316157627552
-0.0906565194783514
-0.0950450159921684
-0.0983576716364484
-0.100460002566182
-0.101524394925434
-0.101984101783228
-0.102158438873587
-0.102230953251425
-0.102235042390873
-0.102173395398823
-0.102240276971656
-0.102676581648643
-0.103508887873112
-0.104626971714797
-0.105931564740101
-0.107426379823985
-0.109099411070442
-0.111007762343470
-0.113143349624844
-0.115390863668763
-0.117642395444669
-0.119875222636969
-0.122199284400001
-0.124746170793928
-0.127420668050693
-0.129988491068092
-0.132354895505701
-0.134516468029617
-0.136490859174260
-0.138250711150375
-0.139702332588789
-0.140734796937934
-0.141341413150029
-0.141536227892446
-0.141310753627003
-0.140658569893136
-0.139667059964593
-0.138245378113856
-0.136062188578571
-0.132967369086682
-0.129296365679968
-0.125559403240725
-0.122045671814281
-0.118799763456623
-0.115749668322414
-0.112593663918971
-0.108868449495479
-0.104188328286158
-0.0985319041300031
-0.0919819660205911
-0.0844530115611781
-0.0758276046029762
-0.0662992148833630
-0.0561509304867708
-0.0455066167513254
-0.0344200090784424
-0.0230366246553185
-0.0114645184541178
0.000109177356494826
0.0114834003653062
0.0224827592864327
0.0329178966193922
0.0427541709506275
0.0520903213832486
0.0607800439678385
0.0686968205191828
0.0758408337687391
0.0822561947923268
0.0881031040472960
0.0936045712718312
0.0987637550738072
0.103532104126760
0.107745970690045
0.111307393266522
0.114284467224019
0.116695310706625
0.118347717889764
0.119047506740366
0.118763880136758
0.117681758080221
0.116033657634031
0.114141809930094
0.112325632656496
0.110671179769886
0.109059372631514
0.107346217299029
0.105452647243585
0.103378054275420
0.100979494726499
0.0981818464949028
0.0951330682688494
0.0920701141440790
0.0891598258600752
0.0864891927694886
0.0841523800950535
0.0822849962613814
0.0808648352705663
0.0797958569588645
0.0791755744959791
0.0791386434117785
0.0796646428928905
0.0808760653603561
0.0828812418204426
0.0856674458492688
0.0891393457513044
0.0930686029103879
0.0970942670657280
0.101020710164782
0.104586980827035
0.107565278010664
0.109931004465453
0.111673048571882
0.112692937182717
0.113043412571545
0.112770250373867
0.111800728358928
0.110153620362941
0.107817010859070
0.104802776859984
0.101278938574441
0.0974353066029639
0.0934879463639951
0.0897566229587668
0.0863564402411412
0.0831885174366654
0.0800489816972711
0.0766845600412444
0.0728604705576074
0.0684213279063245
0.0632850549702897
0.0574859869174736
0.0511556560828498
0.0445793536217531
0.0380316088766735
0.0316519396967577
0.0255989899277632
0.0200778383781791
0.0152038841235760
0.0108522943954407
0.00683205026843444
0.00316330445323411
-4.73519487715595e-05
-0.00283600223135380
-0.00515725388141912
-0.00678535231970705
-0.00750501098266223
-0.00735321746790862
-0.00649231685537808
-0.00492918846971195
-0.00276996685857422
-0.000322940766088422
0.00214166766090156
0.00448993333544980
0.00663128107274376
0.00840964416035562
0.00972634385732243
0.0107572067536073
0.0117617865980078
0.0127050273280105
0.0134589318817220
0.0139162050419401
0.0140636289533677
0.0139889513660212
0.0137395128762560
0.0132192109981469
0.0122289505061181
0.0106076891802266
0.00835528178982800
0.00565770505739665
0.00278947086611476
-0.000121439118945532
-0.00313141166425582
-0.00632331723035259
-0.00980317777296857
-0.0135575276337096
-0.0174421200487313
-0.0214484173257143
-0.0254964387040089
-0.0294075188443965
-0.0330667313827154
-0.0363847802750809
-0.0393537668687666
-0.0421903532229899
-0.0450148436034915
-0.0478794869781589
-0.0507720713254594
-0.0535756793469221
-0.0561589720423889
-0.0583737655347985
-0.0601134677873875
-0.0614379539143193
-0.0624186061714677
-0.0630405175403846
-0.0631731210105075
-0.0627339175346856
-0.0616926647905045
-0.0600786214278660
-0.0579981124789810
-0.0555766798523399
-0.0528281075907730
-0.0498867486927961
-0.0470323414561119
-0.0446731777984310
-0.0431613228749125
-0.0425370039094979
-0.0425391414489524
-0.0429360996249656
-0.0435229085192800
-0.0442038788170106
-0.0449482177303116
-0.0456811716258872
-0.0462033517258984
-0.0462955680163032
-0.0458874864118291
-0.0451200864428865
-0.0441583648125784
-0.0430507763108444
-0.0417770072932116
-0.0403908972807856
-0.0390025514384418
-0.0376242686727449
-0.0361351428141593
-0.0344142685109318
-0.0323186166609328
-0.0297769807314978
-0.0268816380047492
-0.0238755045211704
-0.0208988853018374
-0.0179608584285276
-0.0149847006387471
-0.0119880898611790
-0.00907719592318023
-0.00645768590975424
-0.00425241282068664
-0.00246573335098421
-0.000957048398603450
0.000451629098834024
0.00187364103602088
0.00329178180843509
0.00472201297571188
0.00619732870135072
0.00770850047528583
0.00918157828364723
0.0104740116418599
0.0115822144712233
0.0126189219374200
0.0137435559781128
0.0151704600530128
0.0169227675257944
0.0188835683261661
0.0208477455565977
0.0226111302947828
0.0242491395719854
0.0259891624157456
0.0278589146662013
0.0298063331246870
0.0318274097124554
0.0338856901311508
0.0358638786649975
0.0377317781757344
0.0396154865469316
0.0415589694897441
0.0434285185150080
0.0451315051615334
0.0465739610674605
0.0476886046455381
0.0483211798898669
0.0482159035954226
0.0473642565010468
0.0458727028233065
0.0437357164455918
0.0410600998942605
0.0379915652630287
0.0344999812059419
0.0305896322527616
0.0263577839643075
0.0220771007179169
0.0180962679063355
0.0146198960863265
0.0117407110338235
0.00959702278735741
0.00832379425992347
0.00796390150075186
0.00855740949290900
0.0101295758111346
0.0125106505373243
0.0153401308188631
0.0183266245590256
0.0213418895429678
0.0243078389203024
0.0270180210528509
0.0292165285863476
0.0308624309654971
0.0320683476356460
0.0328764599480545
0.0333823813004687
0.0337564385294958
0.0340722173602503
0.0342355270848510
0.0341399761406027
0.0338182614462075
0.0333130139698062
0.0325558716601719
0.0314779830474645
0.0301616971274596
0.0286978823045210
0.0270279435702543
0.0251408061431952
0.0231674974190652
0.0212614560174977
0.0193602212398969
0.0174052287656897
0.0155259326779267
0.0138796741134221
0.0124626490502530
0.0112297330131211
0.0100425363873515
0.00880240006052299
0.00740056844405503
0.00575392941722567
0.00394307586703880
0.00201737508788847
-0.000160820478635608
-0.00263286902043675
-0.00539499966877326
-0.00835812971967968
-0.0113767682429678
-0.0144018522518007
-0.0173973028457177
-0.0202783100259730
-0.0230017272629000
-0.0254822613936194
-0.0276982129266232
-0.0297235292530559
-0.0316205482367047
-0.0334932015937939
-0.0354010530231297
-0.0372993805942606
-0.0391254093400488
-0.0407930063910860
-0.0423378757787619
-0.0438520937327030
-0.0453790520952358
-0.0469075341176092
-0.0484515489288630
-0.0499799020097507
-0.0514030030189925
-0.0526678273669684
-0.0537824889699360
-0.0547571161091580
-0.0555475125445659
-0.0560740385189125
-0.0562279228312395
-0.0559783598085424
-0.0553103549058653
-0.0541537608055285
-0.0524363969718916
-0.0501467528614141
-0.0473333805535583
-0.0441471211971513
-0.0408107851474823
-0.0374035951786704
-0.0338676441240434
-0.0302298538081510
-0.0265627118919979
-0.0230875886016244
-0.0200166123530719
-0.0173681899698079
-0.0150603353864446
-0.0130447839234335
-0.0113371864157657
-0.0100656825134563
-0.00925920549648211
-0.00884509257329945
-0.00873549012861468
-0.00878134615098366
-0.00893028158090145
-0.00911860380791919
-0.00919702615822508
-0.00908764288924000
-0.00874570282344142
-0.00825581431880420
-0.00786640948523707
-0.00770251571002423
-0.00769305439845278
-0.00769401517112797
-0.00757384456864849
-0.00731197461205780
-0.00691331869763527
-0.00638125761903374
-0.00574781116996045
-0.00499026627148468
-0.00408234061461733
-0.00296380086135561
-0.00154548827164670
0.000217818233450058
0.00235208505916352
0.00484816874367968
0.00762055138850832
0.0105935367282719
0.0137800992436572
0.0171881202861441
0.0207826926749740
0.0245495660281648
0.0284457009626274
0.0323405432859893
0.0360652627689763
0.0395180970293237
0.0427469845876199
0.0459377357509183
0.0492404942258703
0.0526578388725263
0.0562310745880809
0.0598508897766148
0.0632172788296793
0.0661004154610832
0.0684103534254047
0.0701028376321764
0.0711279867368951
0.0714192664606412
0.0710476840182254
0.0702092123097594
0.0690807671788417
0.0677722117852747
0.0663666666692249
0.0649165956752007
0.0634818558730461
0.0620847037331646
0.0607811062914220
0.0595389043246363
0.0582923795416102
0.0570531236634534
0.0558831612442351
0.0548350396592883
0.0539494860450482
0.0532265997682738
0.0526205383810053
0.0521215269242301
0.0517164931078423
0.0514033933140963
0.0511385216776746
0.0508958181957186
0.0506358470817086
0.0502921312022722
0.0498351237847365
0.0492780244817597
0.0486289994342114
0.0479031563033778
0.0470378338497873
0.0459570521548872
0.0446674162941650
0.0431980673056157
0.0416113913771569
0.0400522188227946
0.0385939342220262
0.0372136367694804
0.0358969368961877
0.0346481130961905
0.0334744622898226
0.0324428302760973
0.0314932400926744
0.0305055122867858
0.0294663490538713
0.0283577854040259
0.0270929183849104
0.0256310815066233
0.0239545020233538
0.0220199066173404
0.0197930468694143
0.0172647682678294
0.0144991290997352
0.0115917182077465
0.00860759894371953
0.00553681381066589
0.00241466885213605
-0.000706334175554850
-0.00378118788170716
-0.00679508025512900
-0.00975081205515383
-0.0126697079540520
-0.0155010732773483
-0.0182122407260001
-0.0208652813390433
-0.0234277413008390
-0.0257383130337704
-0.0276121155736112
-0.0289882765802191
-0.0299079025820853
-0.0304354380591035
-0.0306236701498450
-0.0306227575803649
-0.0305639736678017
-0.0304103039406788
-0.0301054692634831
-0.0296408026873977
-0.0289281910856528
-0.0279061175600237
-0.0265043560688176
-0.0247092596572021
-0.0226880867881840
-0.0206582188046304
-0.0187928148644810
-0.0172128881860790
-0.0159203176285661
-0.0148642169505733
-0.0140659677730149
-0.0135387446190266
-0.0133058860466016
-0.0133038138463480
-0.0134957850611113
-0.0139226936540287
-0.0147036359621648
-0.0159803582656770
-0.0177557744121411
-0.0198937341524529
-0.0222770468598642
-0.0247711150356943
-0.0273156012636669
-0.0299388484747368
-0.0325246262665812
-0.0348855312468934
-0.0368249715252660
-0.0382494456621223
-0.0391919621496909
-0.0397487909289927
-0.0399843933388255
-0.0399825454197172
-0.0397807599318547
-0.0393883330294184
-0.0387947089444618
-0.0380027675791578
-0.0370124129660877
-0.0358054542791533
-0.0344627934238450
-0.0332076223010901
-0.0322163262571165
-0.0315141565264577
-0.0310202282092651
-0.0306222833312383
-0.0302662369345140
-0.0298982512702688
-0.0295098563318636
-0.0291303972885587
-0.0287622528774492
-0.0283767683754286
-0.0279372375126599
-0.0274339151655551
-0.0269261768190003
-0.0264688743050385
-0.0260628271988113
-0.0257089238183474
-0.0253888399741009
-0.0250910295851005
-0.0248012734910771
-0.0244944365161399
-0.0241399997559761
-0.0238211761881666
-0.0236171518937939
-0.0235692872371609
-0.0236927258139362
-0.0239352271571045
-0.0242167558789961
-0.0245018892498661
-0.0247357726722500
-0.0248763755807669
-0.0248586723299043
-0.0246246302549811
-0.0241830883046324
-0.0235942301564635
-0.0228512903789335
-0.0219046538836999
-0.0206778919820285
-0.0191511065015466
-0.0173671424608738
-0.0153686680548179
-0.0131489661049330
-0.0107589046578232
-0.00825366788501814
-0.00566258943732603
-0.00306503870054986
-0.000549602997857514
0.00185786732623795
0.00418102264796718
0.00644708803027209
0.00869843899465252
0.0109193093917069
0.0130330052336385
0.0150378362545964
0.0170034792554831
0.0189753331649905
0.0209771265603186
0.0229700860761678
0.0248097612903900
0.0264365181192032
0.0278750897996149
0.0291056465199054
0.0301165645751670
0.0309346039721526
0.0315893605883045
0.0321856863069419
0.0327391779599267
0.0331520247760364
0.0333734298597953
0.0333713038846776
0.0330258763897004
0.0323375269631950
0.0314318681059203
0.0303915777065684
0.0292493152498866
0.0280548796150720
0.0268832727239293
0.0258514989801764
0.0250066638762274
0.0242606693925887
0.0235665641425682
0.0228912153913115
0.0221830073831048
0.0214445769683851
0.0207626135259373
0.0201380280282267
0.0195797429753397
0.0191448758946017
0.0189091535711889
0.0189354029675904
0.0192059146663437
0.0195731227232192
0.0199340218175700
0.0202762962067351
0.0205928202169314
0.0209015528204979
0.0212616086674611
0.0216569044404428
0.0220188529737744
0.0223084924750366
0.0225252800331496
0.0226910478882771
0.0227995570787388
0.0228237447495383
0.0227470962503456
0.0225513713080952
0.0221672554889378
0.0215322856309698
0.0206434310245466
0.0195346903688750
0.0182356111418155
0.0168147302022289
0.0153910713598223
0.0140133606474284
0.0126062457745726
0.0110404079284549
0.00922732025953713
0.00711717376747907
0.00472137326458680
0.00213280789279625
-0.000537960176099014
-0.00317581545446707
-0.00565597201874265
-0.00797125791258510
-0.0101979566207442
-0.0123719699541749
-0.0144928580921535
-0.0164860260925080
-0.0183051067708416
-0.0200188469772995
-0.0216914229770954
-0.0233614239825749
-0.0250596015194626
-0.0267069479234474
-0.0282335614744017
-0.0296252193954758
-0.0308607334382475
-0.0319066885918562
-0.0327434573674972
-0.0332955335669519
-0.0335496514922016
-0.0335365214240149
-0.0332650163187689
-0.0327026681741442
-0.0318337575288123
-0.0306456776523563
-0.0291836169509163
-0.0275345151916099
-0.0257919753010134
-0.0240169827092184
-0.0222427448589719
-0.0204570580753200
-0.0186776171763000
-0.0169091621711279
-0.0151709434923894
-0.0134719520624563
-0.0118220872160387
-0.0102165936225114
-0.00865371751874703
-0.00710892582619449
-0.00560785851292083
-0.00417918315738994
-0.00283896581941256
-0.00160676512577483
-0.000526781099728219
0.000406452287665253
0.00123618375877237
0.00200087433568358
0.00274097555661623
0.00343191239737739
0.00403528772992925
0.00453174608310628
0.00492442708865401
0.00521570542065153
0.00546222384923424
0.00571862336770886
0.00604392056641292
0.00648928015575876
0.00703158178734835
0.00765012611338711
0.00837499974466018
0.00920877864638445
0.0101139119461253
0.0110637538941510
0.0120704169003132
0.0131704510896442
0.0143528016419780
0.0155564755621016
0.0167282685823588
0.0178052793361033
0.0187023723775280
0.0194204338197909
0.0199984636798193
0.0204691634535929
0.0208515938256318
0.0211280854467488
0.0212444869835950
0.0212399400586846
0.0211580518056781
0.0209842110773953
0.0206780869685770
0.0201900843696433
0.0194213702538779
0.0183782349404189
0.0171340055912470
0.0157158029559854
0.0141271624248797
0.0123802109157650
0.0104881554488800
0.00855047904221695
0.00669305083146783
0.00499065796244606
0.00341430542607128
0.00189852955947729
0.000387424954161310
-0.00108627201588362
-0.00243739047475551
-0.00360378920234388
-0.00463843726298009
-0.00562113570697390
-0.00656505493863572
-0.00745458094260668
-0.00822159896576240
-0.00882360210199574
-0.00930466949192256
-0.00978149550094277
-0.0103315859155065
-0.0109897127263806
-0.0117057215746827
-0.0123822640521745
-0.0129750727045930
-0.0134904224283449
-0.0138750289069871
-0.0140778660684153
-0.0140783181918598
-0.0138642126042855
-0.0134397855628468
-0.0128696250495032
-0.0122317082382898
-0.0115603332947337
-0.0108650028374737
-0.0101170503246529
-0.00931315411324609
-0.00848019133679031
-0.00765673298097242
-0.00683193463745781
-0.00602075026615994
-0.00519869295643188
-0.00436111523419834
-0.00354035278531245
-0.00279140257836534
-0.00211999774566897
-0.00154584582775363
-0.00103825549755574
-0.000538859723578126
-1.62737381067726e-05
0.000517745390619418
0.00103702778285735
0.00156386814757071
0.00208265596488866
0.00252286021393500
0.00282536011474776
0.00297789091577747
0.00302116703207975
0.00301362323260406
0.00300051719306905
0.00304478688145578
0.00320716377010279
0.00348194344300499
0.00382857937657998
0.00423995297065049
0.00471293075315334
0.00519962136255340
0.00566493591808758
0.00612759804347832
0.00662342357392472
0.00717037549171847
0.00783481151954011
0.00863778318343148
0.00959420493350962
0.0106802264797658
0.0118139053221536
0.0129405775533229
0.0140330197559891
0.0150800984971422
0.0160949410894365
0.0170102469835045
0.0177687099933072
0.0183727240283149
0.0188309780194440
0.0191654805697769
0.0193782698996292
0.0194241414882463
0.0192830604744610
0.0189328395513469
0.0183619098159916
0.0176008256318334
0.0166606340314705
0.0155441131966526
0.0142802010233016
0.0129360998507603
0.0116135082826432
0.0103659307854179
0.00916077102600798
0.00793040462772137
0.00661701785005405
0.00520564219583408
0.00370019522750884
0.00206806094961335
0.000298184894641300
-0.00154957979091833
-0.00337793795675904
-0.00509927408340778
-0.00666497580427328
-0.00806290690741927
-0.00929897596713901
-0.0104128476804615
-0.0114313599231406
-0.0123540255393687
-0.0131798347687895
-0.0139139473118408
-0.0145779529852295
-0.0151723471782618
-0.0157081497973594
-0.0161787535445402
-0.0165775438492869
-0.0169109967398290
-0.0171652002714663
-0.0173153472619253
-0.0173632326676153
-0.0173306945196419
-0.0172584640569813
-0.0171804920518903
-0.0171118626368806
-0.0170461225719026
-0.0170222668886256
-0.0170330627393961
-0.0170476312474093
-0.0170655966536582
-0.0170854566837131
-0.0171267552573779
-0.0172577045077185
-0.0174936557278754
-0.0177877909264591
-0.0181119453790378
-0.0184270934244422
-0.0186980592225018
-0.0189347046339432
-0.0191214858291093
-0.0192235564768216
-0.0192263813933082
-0.0190976329080448
-0.0188295900000512
-0.0184574860185302
-0.0180199924654387
-0.0175403402956002
-0.0170446493813701
-0.0165328368568132
-0.0160299139074494
-0.0155360015448517
-0.0150040298926500
-0.0144023340248785
-0.0137150828635134
-0.0129390824537466
-0.0120886990491485
-0.0111348941673554
-0.0100973988936173
-0.00903571270488349
-0.00796525300427889
-0.00690634265150533
-0.00590803821989999
-0.00498218777694679
-0.00412618496421614
-0.00336609682802060
-0.00270193297434907
-0.00216390948643792
-0.00178307726588430
-0.00154060028936864
-0.00138614822520605
-0.00130904214973783
-0.00129989346161421
-0.00138120062235639
-0.00156633652103431
-0.00181626358039831
-0.00212870486821162
-0.00252777669420924
-0.00299421621750229
-0.00350550664899281
-0.00407166028995717
-0.00466265554807851
-0.00530058407109265
-0.00598532538802049
-0.00666777671512337
-0.00731520905807215
-0.00789001190170291
-0.00837086421346227
-0.00877222882541565
-0.00908973111922582
-0.00932431947920688
-0.00949318326374868
-0.00962046034716208
-0.00974543278213153
-0.00988710700937261
-0.0100600667180609
-0.0103011741978853
-0.0106304786898560
-0.0110756993607802
-0.0116352331032445
-0.0122313015771774
-0.0127939330895002
-0.0132756392072333
-0.0136647263719527
-0.0139496193463592
-0.0141236696675822
-0.0142059550531313
-0.0142125567930892
-0.0141356755343232
-0.0140097522673872
-0.0138911923281358
-0.0137838204365685
-0.0135964443957463
-0.0132338244381460
-0.0127306565194162
-0.0121800011403172
-0.0115970613103763
-0.0109755996514829
-0.0103223360231129
-0.00963815854103883
-0.00894156585461295
-0.00823909988478067
-0.00756319389219935
-0.00692858773842189
-0.00630233674512708
-0.00564756178914465
-0.00502174402456049
-0.00447972187805543
-0.00396586907674556
-0.00341316443456301
-0.00284945814967507
-0.00233372721975842
-0.00186653039487030
-0.00141551958657385
-0.000940976714231260
-0.000419110613704564
0.000178529442893135
0.000892075962459725
0.00166171507470104
0.00244676203078094
0.00327587451891450
0.00415571990640300
0.00501211060653564
0.00580878272145393
0.00654815947259227
0.00728470433603015
0.00801324961654907
0.00869989490926397
0.00934460927146989
0.00998390506952630
0.0106160466041778
0.0112260212478660
0.0118204311876176
0.0124001872979263
0.0129417389558455
0.0134152278247800
0.0138268471246120
0.0141698469781580
0.0144022691373187
0.0145267527004438
0.0145857002699622
0.0146092191967893
0.0145934058878260
0.0144994248589733
0.0142958970603143
0.0140176745989430
0.0137080590394956
0.0133721347480555
0.0130036180630747
0.0125423904301212
0.0119574879640316
0.0112954929016500
0.0105873949511845
0.00984168313848421
0.00905936862553249
0.00820187326524945
0.00723251022400441
0.00618520917969353
0.00509133983055853
0.00399261174173030
0.00288322891965906
0.00172773938125327
0.000599332443541788
-0.000409900052835340
-0.00128086002011927
-0.00202111249216157
-0.00264001498541547
-0.00317832657389310
-0.00366548744084257
-0.00412469302715562
-0.00451054744190319
-0.00479406022581435
-0.00499648851362771
-0.00515236907140429
-0.00527069435748500
-0.00532523243638940
-0.00527012744766676
-0.00510585559541998
-0.00484373852185627
-0.00452670638675262
-0.00419518384961515
-0.00383587580361896
-0.00346775969925111
-0.00313161353818918
-0.00282887888538136
-0.00259237945751771
-0.00242431752124605
-0.00228185345727928
-0.00211370155419739
-0.00188232562400234
-0.00162703508460054
-0.00140322449531798
-0.00123455616004820
-0.00113312026613135
-0.00111899073181387
-0.00120918726336396
-0.00139638534081275
-0.00161399040263255
-0.00184191246492244
-0.00205637918132606
-0.00219918964536099
-0.00226669252035500
-0.00230186717254719
-0.00234060457051175
-0.00241250047415021
-0.00250449468467210
-0.00261827017600248
-0.00278523247025483
-0.00297028250670098
-0.00311907663984755
-0.00324200636698369
-0.00335497332840037
-0.00340835256587947
-0.00338727466553010
-0.00333225645952499
-0.00324798975368287
-0.00308348819017985
-0.00280879188282318
-0.00243992141920608
-0.00204090152890946
-0.00160588483780289
-0.00108900531680659
-0.000516565428915059
5.78953455586779e-05
0.000647298104973460
0.00124216312206741
0.00178424490879762
0.00225701789180694
0.00265458592107748
0.00298130688249206
0.00320257735867146
0.00329222804154214
0.00326319065066313
0.00315499019089271
0.00298281575142971
0.00276451802481012
0.00252542938554145
0.00229204099334044
0.00202742530614231
0.00171696293001576
0.00137461108162710
0.00102530753122448
0.000677014587379780
0.000334880318435483
-7.54872552357875e-06
-0.000324007165253362
-0.000627650925737579
-0.000918728055895057
-0.00117595810007700
-0.00140650979279908
-0.00162002507582899
-0.00180064772999759
-0.00189521639322762
-0.00185917632888901
-0.00173434844976639
-0.00160420510446850
-0.00149331803221368
-0.00140911183698173
-0.00133717240673182
-0.00127706437431364
-0.00123548921051265
-0.00122482069808213
-0.00126392819593308
-0.00133325707825726
-0.00138917447965377
-0.00140889778825095
-0.00137916805762573
-0.00127813751522845
-0.00114996314051987
-0.000991067905556417
-0.000832790211868874
-0.000713712921722710
-0.000683811745776947
-0.000777898747113764
-0.00102510743116420
-0.00140949586730627
-0.00191977014313263
-0.00259717270276797
-0.00345022353526512
-0.00443921490997036
-0.00554354694459621
-0.00675218007493974
-0.00802799825030310
-0.00934324223369208
-0.0106612158151541
-0.0119334527919597
-0.0131776190661583
-0.0144280177131978
-0.0156710087278924
-0.0168964923158834
-0.0181054052838126
-0.0192806517503555
-0.0204315325147730
-0.0215568024313466
-0.0226657954381906
-0.0237850180536408
-0.0249278177995466
-0.0260737501135720
-0.0272022928120199
-0.0282716717829388
-0.0292251404003187
-0.0300282475180796
-0.0306544634241862
-0.0311009185622315
-0.0313758110460908
-0.0314837324042167
-0.0314281363100634
-0.0311980323596849
-0.0308077746677693
-0.0303166626284952
-0.0297309658324543
-0.0290330878453077
-0.0282334924590561
-0.0273297180588025
-0.0263114731371181
-0.0251817930571729
-0.0239602734399120
-0.0226645420958889
-0.0213308159653270
-0.0199977613051173
-0.0187551775401249
-0.0176669583987451
-0.0167375052654038
-0.0159550238374501
-0.0153106217326354
-0.0148020088450456
-0.0143948493214858
-0.0140734061989448
-0.0138826186601388
-0.0138368210466970
-0.0138637468154831
-0.0138686038573658
-0.0138690578581868
-0.0138814868911377
-0.0139034776880760
-0.0139254496781789
-0.0139750969152718
-0.0140606209706714
-0.0141604249428350
-0.0142616863498595
-0.0143900565073060
-0.0145799348180705
-0.0148450260792589
-0.0151866080054652
-0.0156487854589231
-0.0162993453240475
-0.0171052422949658
-0.0180236425316536
-0.0190080878171653
-0.0200015887275284
-0.0209405149701056
-0.0218071302098996
-0.0225744457178642
-0.0232435438184276
-0.0237753968479699
-0.0241263083008866
-0.0242664746757884
-0.0241617341448134
-0.0238076126176346
-0.0232227742521070
-0.0224314633791034
-0.0214421530935504
-0.0202585347103405
-0.0189365808657763
-0.0175516021317043
-0.0161385249982396
-0.0147194357530632
-0.0132485526099786
-0.0116984504220351
-0.0101038376108677
-0.00849918219074479
-0.00692405423477290
-0.00543189474732508
-0.00401602733831377
-0.00266357469801202
-0.00136931257233606
-9.66095227463180e-05
0.00112141811868417
0.00230995230492983
0.00348788882276029
0.00460732008253881
0.00565953956909474
0.00661187133462741
0.00745762770872516
0.00821294199529345
0.00886363916371252
0.00938031258193269
0.00972800510053696
0.00991165873145201
0.00999237578242968
0.0100020509902199
0.00995427576673214
0.00989836266728008
0.00985677783034207
0.00986154254614690
0.00996493952917535
0.0101772006895492
0.0105147131481356
0.0109375265772421
0.0114493414713980
0.0120860703862932
0.0128951658684036
0.0138202953705909
0.0147743398795874
0.0156943060428051
0.0165432086409700
0.0172483246556341
0.0178011409800975
0.0182203279581412
0.0184824717946296
0.0185636591876530
0.0184525535676823
0.0181864349113394
0.0178435818495036
0.0173917385242672
0.0167882999117098
0.0160649376413788
0.0152568004033182
0.0143394836251551
0.0133119040858646
0.0121960880245203
0.0110425123596279
0.00985329691778825
0.00864455568446453
0.00752673365986953
0.00656542667143924
0.00575756902579581
0.00510074348409750
0.00462870352272123
0.00438530651482403
0.00432614002333286
0.00438821007371515
0.00457488292195371
0.00490976770247478
0.00539683935077137
0.00600832184666422
0.00667844619195974
0.00736287819455203
0.00806434978904968
0.00886022209435197
0.00979313446502814
0.0108484028650605
0.0120027116992501
0.0132226642817922
0.0144803909838085
0.0158107617222108
0.0171949532788182
0.0185898210385959
0.0199760908437776
0.0213168459971615
0.0225728929297400
0.0237484247213677
0.0248617507862896
0.0258862228251809
0.0267955040172443
0.0275419768216873
0.0281131670238101
0.0285242486591066
0.0288065471278764
0.0289808970794012
0.0290132408947006
0.0288832278427278
0.0285909491804788
0.0281847685837527
0.0276883015985973
0.0271170117913164
0.0264593125329957
0.0257153835473432
0.0248551496182353
0.0238682199554443
0.0227225044043198
0.0214037231732557
0.0198901144742028
0.0182156262570641
0.0164170045043131
0.0145311848842858
0.0125892373036018
0.0106505351608891
0.00872177647341760
0.00681912041847878
0.00494795166296879
0.00309455684829369
0.00128345328061297
-0.000450989863500297
-0.00208520543619107
-0.00356259189350528
-0.00487920684671838
-0.00610332740556159
-0.00726907503646297
-0.00839359097311116
-0.00948473922689538
-0.0105253308245120
-0.0115243254752359
-0.0125568262979859
-0.0135905578187853
-0.0146105648729097
-0.0155719343490990
-0.0164166038949858
-0.0170982807565521
-0.0176294678062247
-0.0180038046640284
-0.0182380716832736
-0.0183720124033050
-0.0184554985169743
-0.0186371280638339
-0.0190073869598561
-0.0195375653019263
-0.0201752253245912
-0.0209366104538525
-0.0217802029925815
-0.0226973261520324
-0.0236617416721516
-0.0247122882554623
-0.0259669250438802
-0.0273915698746578
-0.0289101008726078
-0.0305690035099743
-0.0323555051806803
-0.0342084978834694
-0.0361213498595371
-0.0381020357032254
-0.0401013408139671
-0.0420260093104111
-0.0437581043614617
-0.0452748343232542
-0.0466474585297777
-0.0479354860087064
-0.0490474882712008
-0.0499471986511400
-0.0506746743519063
-0.0511060244962510
-0.0512281488788052
-0.0511272956597367
-0.0507540902284304
-0.0500709439691605
-0.0491156157381995
-0.0478684558853031
-0.0464277385880965
-0.0448606514138867
-0.0431063983165719
-0.0411957187974644
-0.0392105135200732
-0.0371329370256265
-0.0349311383335633
-0.0326348809482439
-0.0302743732314376
-0.0278006833962649
-0.0252611792598385
-0.0227526644721204
-0.0202563326065642
-0.0177617785558126
-0.0152031150791094
-0.0125005044549372
-0.00970247271301215
-0.00689193266552766
-0.00411089854452821
-0.00143499447786985
0.00107656027391261
0.00344388773465654
0.00563512434462145
0.00761666685345301
0.00938882616614251
0.0109939512048191
0.0124401307526305
0.0137413487645754
0.0149088052766414
0.0158747438500058
0.0166420150881956
0.0172299812777186
0.0176030236401106
0.0178415425663989
0.0180286124320635
0.0181281355482674
0.0181760242402212
0.0181482511422491
0.0180474127787453
0.0179196971983044
0.0177121983258015
0.0174515867600238
0.0171583088275687
0.0168006289684560
0.0164500107687595
0.0161374216712408
0.0157907891863477
0.0153781627122696
0.0148332915968840
0.0142199700855326
0.0135825710641703
0.0129211970922213
0.0122284306248209
0.0114914346346380
0.0107205854016487
0.00996526546503991
0.00916253152703276
0.00845999796890530
0.00795747678965948
0.00755249993332351
0.00721547692234701
0.00698558482742924
0.00679379150250780
0.00661194692651135
0.00634508553673756
0.00598901794743769
0.00561829659513298
0.00523668153212665
0.00479002901816652
0.00428475818337427
0.00376181997473408
0.00315324397378075
0.00239189552184305
0.00153349132813102
0.000594072718937810
-0.000406688788189548
-0.00139659749093798
-0.00240755746721884
-0.00353720873396917
-0.00477274169915630
-0.00611442388559116
-0.00755798590427915
-0.00900945729420386
-0.0104569529604937
-0.0119427037997288
-0.0134587114936579
-0.0150211830891964
-0.0166144897003160
-0.0181539692118241
-0.0196241866023290
-0.0210030981508881
-0.0221743175393512
-0.0231222018126510
-0.0239026040107791
-0.0245512059198793
-0.0250934246609313
-0.0255268486466010
-0.0258771284589331
-0.0261743132377487
-0.0264397503170412
-0.0266279325647110
-0.0266869386554993
-0.0265775280809439
-0.0262606984757927
-0.0256906044988718
-0.0250771332243603
-0.0244997584759304
-0.0238645724921935
-0.0231332989001823
-0.0223833927082753
-0.0217010084796038
-0.0211518179106245
-0.0206232337680308
-0.0200948433145815
-0.0195474704789628
-0.0190074085042215
-0.0185938064819345
-0.0184166195861389
-0.0184182126048048
-0.0185173962690176
-0.0185996909270974
-0.0188156832477595
-0.0192957968130892
-0.0199431111178238
-0.0206440933878948
-0.0212901670525435
-0.0217888808923754
-0.0221638119466912
-0.0223868996246382
-0.0224205928237310
-0.0222629928065390
-0.0218926540058619
-0.0213403671747257
-0.0206931141615327
-0.0199989980072600
-0.0192515653989877
-0.0184257721151807
-0.0175285636899369
-0.0165780890829744
-0.0155679644631634
-0.0145415658074391
-0.0135589776846313
-0.0126402037595587
-0.0118213693378556
-0.0111362182960334
-0.0106387533283978
-0.0103884597692574
-0.0102902719465525
-0.0102199270004558
-0.0102364085641512
-0.0103839637021179
-0.0106125061229298
-0.0109052145201579
-0.0112484014525470
-0.0116483737765530
-0.0121365815206747
-0.0126976004971767
-0.0133370755586856
-0.0140594219627454
-0.0147376657061195
-0.0153506972938552
-0.0159373975026653
-0.0165197715141607
-0.0170205665736527
-0.0173783783000272
-0.0176297314463200
-0.0179114772266785
-0.0182204920275407
-0.0184989149914137
-0.0187450586527442
-0.0189860204009067
-0.0191458900955585
-0.0192028532500998
-0.0191929473985332